place(-3.333, 2.320, 54.409, "Assassin", 300)
place(-5.550, 2.326, 54.215, "Assassin", 300)
upgrade(-3.333, 2.320, 54.409, 1, 450)
upgrade(-5.550, 2.326, 54.215, 1, 450)
place(-3.251, 2.258, 38.184, "Soldier", 400)
upgrade(-3.251, 2.258, 38.184, 1, 100)
upgrade(-3.251, 2.258, 38.184, 1, 700)
upgrade(-3.251, 2.258, 38.184, 1, 1850)
place(-7.168, 2.284, 33.657, "Soldier", 400)
upgrade(-7.168, 2.284, 33.657, 1, 100)
upgrade(-7.168, 2.284, 33.657, 1, 700)
place(-0.789, 2.288, 49.048, "Trapper", 500)
upgrade(-0.789, 2.288, 49.048, 1, 500)
place(-4.003, 2.318, 48.767, "Trapper", 500)
upgrade(-4.003, 2.318, 48.767, 1, 500)
place(-7.218, 2.333, 48.167, "Trapper", 500)
upgrade(-7.218, 2.333, 48.167, 1, 500)
place(-2.845, 2.312, 46.145, "Trapper", 500)
upgrade(-2.845, 2.312, 46.145, 1, 500)
place(-6.120, 2.329, 46.046, "Trapper", 500)
upgrade(-6.120, 2.329, 46.046, 1, 500)
upgrade(-0.789, 2.288, 49.048, 1, 1500)
upgrade(-4.003, 2.318, 48.767, 1, 1500)
upgrade(-2.845, 2.312, 46.145, 1, 1500)
upgrade(-2.845, 2.312, 46.145, 1, 1500)
