place(3.953, 1.000, -36.976, "Assassin", 300)
place(-1.014, 1.000, -37.029, "Assassin", 300)
upgrade(3.953, 2.350, -36.976, 450)
upgrade(-1.014, 2.350, -37.029, 450)
upgrade(3.953, 2.350, -36.976, 750)
upgrade(-1.014, 2.350, -37.029, 750)
place(4.075, 1.037, -33.999, "Trapper", 500)
upgrade(4.075, 2.387, -33.999, 500)
place(4.505, 1.037, -30.613, "Trapper", 500)
upgrade(4.505, 2.387, -30.613, 500)
place(7.546, 1.037, -29.635, "Trapper", 500)
upgrade(7.546, 2.387, -29.635, 500)
upgrade(7.546, 2.387, -29.635, 1500)
upgrade(4.505, 2.387, -30.613, 1500)
upgrade(3.953, 2.350, -36.976, 2400)
upgrade(4.075, 2.387, -33.999, 1500)
upgrade(-1.014, 2.350, -37.029, 2400)
sell(3.953, 2.350, -36.976)
sell(-1.014, 2.350, -37.029)
sell(4.505, 2.387, -30.613)
sell(7.546, 2.387, -29.635)
sell(4.075, 2.387, -33.999)
sell(4.075, 2.387, -33.999)
