place(-0.025,1.020,-33.450,"Assassin",300)
place(-5.237,1.000,-32.064,"Assassin",300)
upgrade(-0.025,2.370,-33.450,1,450)
upgrade(-5.237,2.350,-32.064,1,450)
place(-5.034,1.000,-34.221,"Shotgunner",1225)
upgrade(-5.034,2.350,-34.221,1,640)
place(-0.039,1.020,-36.519,"Shotgunner",1225)
upgrade(-0.039,2.370,-36.519,1,640)
place(-4.634,0.950,-36.774,"Shotgunner",1225)
upgrade(-5.237,2.350,-32.064,1,750)
upgrade(-0.025,2.370,-33.450,1,750)
place(-4.560,0.950,-36.808,"Shotgunner",1225)
upgrade(-4.560,2.300,-36.808,1,640)
place(-2.546,0.950,-37.200,"Shotgunner",1225)
upgrade(-2.546,2.300,-37.200,1,640)
upgrade(-2.546,2.300,-37.200,1,1550)
upgrade(-4.560,2.300,-36.808,1,1550)
upgrade(-0.039,2.370,-36.519,1,1550)
upgrade(-5.034,2.350,-34.221,1,1550)
