place(39.065, 0.750, -7.659, "Assassin", 450)
place(41.913, 0.750, -1.219, "Electroshocker", 562)
upgrade(41.913, 2.100, -1.219, 300)
place(41.751, 0.750, -4.257, "Pyromancer", 1350)
upgrade(41.751, 2.100, -4.257, 487)
upgrade(41.751, 2.100, -4.257, 1500)
place(39.907, 0.750, 1.060, "Crook Boss", 2400)
upgrade(41.913, 2.100, -1.219, 1050)
place(39.076, 0.750, -2.707, "Electroshocker", 562)
upgrade(39.076, 2.100, -2.707, 300)
upgrade(39.076, 2.100, -2.707, 1050)
upgrade(41.751, 2.100, -4.257, 3000)
upgrade(39.065, 2.100, -7.659, 675)
upgrade(39.065, 2.100, -7.659, 1125)
place(37.090, 0.750, -0.171, "Freezer", 637)
upgrade(37.090, 2.100, -0.171, 337)
upgrade(37.090, 2.100, -0.171, 975)
place(37.427, 0.750, -5.490, "Electroshocker", 562)
upgrade(37.427, 2.100, -5.490, 300)
upgrade(37.427, 2.100, -5.490, 1050)
place(41.878, 0.750, -7.293, "Electroshocker", 562)
upgrade(41.878, 2.100, -7.293, 300)
upgrade(41.878, 2.100, -7.293, 1050)
upgrade(41.913, 2.100, -1.219, 3750)
