place(-0.234, 1.000, 38.876, "Electroshocker", 562)
place(-3.411, 1.000, 39.224, "Pyromancer", 1350)
upgrade(-3.411, 2.350, 39.224, 487)
upgrade(-3.411, 2.350, 39.224, 1372)
place(2.009, 1.000, 33.626, "Crook Boss", 2700)
upgrade(-0.234, 2.350, 38.876, 300)
upgrade(-0.234, 2.350, 38.876, 1050)
place(2.853, 1.000, 38.828, "Electroshocker", 562)
upgrade(2.853, 2.350, 38.828, 300)
upgrade(2.853, 2.350, 38.828, 1050)
place(-1.125, 1.000, 33.809, "Electroshocker", 562)
upgrade(-1.125, 2.350, 33.809, 300)
upgrade(-1.125, 2.350, 33.809, 1050)
place(-4.141, 1.000, 33.855, "Electroshocker", 562)
upgrade(-4.141, 2.350, 33.855, 300)
upgrade(-4.141, 2.350, 33.855, 1050)
place(1.372, 1.000, 41.605, "Freezer", 637)
upgrade(1.372, 2.350, 41.605, 337)
upgrade(-1.125, 2.350, 33.809, 3750)
upgrade(-4.141, 2.350, 33.855, 3750)
upgrade(-0.234, 2.350, 38.876, 3750)
upgrade(1.372, 2.350, 41.605, 975)
