place(-22.566, 1.619, -4.999, "Assassin", 450)
place(-31.363, 1.553, -9.757, "Assassin", 450)
upgrade(-31.363, 2.903, -9.757, 675)
upgrade(-22.566, 2.969, -4.999, 675)
upgrade(-22.566, 2.969, -4.999, 1125)
upgrade(-31.363, 2.903, -9.757, 1125)
place(-10.377, 6.726, -5.805, "Sniper", 450)
upgrade(-10.377, 8.076, -5.805, 225)
upgrade(-10.377, 8.076, -5.805, 750)
place(-22.378, 1.544, -2.252, "Trapper", 750)
upgrade(-22.378, 2.894, -2.252, 750)
place(-25.664, 1.732, -5.570, "Trapper", 750)
upgrade(-25.664, 3.082, -5.570, 750)
upgrade(-25.664, 3.082, -5.570, 2250)
upgrade(-22.378, 2.894, -2.252, 2250)
